##Recombination and mutation rate maps for Drosophila melanogaster simulations, with recombination rate maps taken and rescaled from Comeron et al. 2012 and mutation rates generated by a normal distribution using parameters estimated by Mackay et al. 2012 (see methods)
##
Simulation window start	Comeron Start	Comeron End	Comeron Midpoint rate      	Recomb Rate (cM/Mb) Scaled to mean = 1E-8	Genetic map (cumulative cM)	Mutation rates generated by slim rnorm(100, 3, 1.473) scaled to mean 1e-8
0	N/A	N/A	3.69	1	0	3
20000	10000000	10009999	4.23	1.030582321	0.02	3.55
70000	10100000	10109999	5.21	1.181399246	0.071529116	3.38
120000	10200000	10209999	1.74	1.455104036	0.130599078	2.65
170000	10300000	10309999	3.36	0.485965647	0.20335428	0.42
220000	10400000	10409999	2.49	0.938416422	0.227652562	1.60
270000	10500000	10509999	1.95	0.695433599	0.274573384	3.22
320000	10600000	10609999	1.41	0.544616674	0.309345064	4.43
370000	10700000	10709999	4.34	0.393799749	0.336575897	4.98
420000	10800000	10809999	6.07	1.212121212	0.356265885	3.51
470000	10900000	10909999	1.08	1.695293953	0.416871945	1.21
520000	11000000	11009999	1.3	0.30163385	0.501636643	0.75
570000	11100000	11109999	3.36	0.363077782	0.516718335	4.67
620000	11200000	11209999	1.3	0.938416422	0.534872225	3.07
670000	11300000	11309999	4.45	0.363077782	0.581793046	1.60
720000	11400000	11409999	2.93	1.242843178	0.599946935	2.88
770000	11500000	11509999	4.12	0.818321463	0.662089094	3.99
820000	11600000	11609999	2.17	1.15067728	0.703005167	4.32
870000	11700000	11709999	3.9	0.606060606	0.760539031	1.10
920000	11800000	11809999	3.58	1.089233347	0.790842061	2.30
970000	11900000	11909999	6.72	0.999860355	0.845303729	2.96
1020000	12000000	12009999	8.13	1.876832845	0.895296746	2.67
1070000	12100000	12109999	3.15	2.270632593	0.989138388	2.63
1120000	12200000	12209999	4.45	0.879765396	1.102670018	3.50
1170000	12300000	12309999	4.56	1.242843178	1.146658288	4.42
1220000	12400000	12409999	8.13	1.273565145	1.208800447	2.75
1270000	12500000	12509999	3.58	2.270632593	1.272478704	2.13
1320000	12600000	12609999	2.06	0.999860355	1.386010334	1.56
1370000	12700000	12709999	2.93	0.57533864	1.436003351	5.49
1420000	12800000	12809999	1.63	0.818321463	1.464770283	3.16
1470000	12900000	12909999	2.93	0.455243681	1.505686357	5.21
1520000	13000000	13009999	1.74	0.818321463	1.528448541	1.99
1570000	13100000	13109999	4.99	0.485965647	1.569364614	2.47
1620000	13200000	13209999	2.82	1.393660103	1.593662896	0.96
1670000	13300000	13309999	0.54	0.787599497	1.663345901	2.23
1720000	13400000	13409999	3.04	0.150816925	1.702725876	2.77
1770000	13500000	13509999	2.39	0.84904343	1.710266723	1.62
1820000	13600000	13609999	4.01	0.667504538	1.752718894	3.17
1870000	13700000	13709999	7.81	1.119955314	1.786094121	1.77
1920000	13800000	13809999	4.45	2.181259601	1.842091887	0.61
1970000	13900000	13909999	3.15	1.242843178	1.951154867	2.04
2020000	14000000	14009999	5.64	0.879765396	2.013297026	3.71
2070000	14100000	14109999	3.15	1.575198995	2.057285295	3.83
2120000	14200000	14209999	3.25	0.879765396	2.136045245	3.91
2170000	14300000	14309999	3.15	0.907694456	2.180033515	2.16
2220000	14400000	14409999	7.27	0.879765396	2.225418238	2.84
2270000	14500000	14509999	3.69	2.030442676	2.269406507	3.13
2320000	14600000	14609999	8.89	1.030582321	2.370928641	7.70
2370000	14700000	14709999	3.58	2.482893451	2.422457757	1.23
2420000	14800000	14809999	4.12	0.999860355	2.54660243	4.26
2470000	14900000	14909999	5.64	1.15067728	2.596595448	1.60
2520000	15000000	15009999	4.88	1.575198995	2.654129312	2.47
2570000	15100000	15109999	4.23	1.362938137	2.732889261	4.09
2620000	15200000	15209999	2.28	1.181399246	2.801036168	2.92
2670000	15300000	15309999	1.95	0.636782572	2.86010613	0.74
2720000	15400000	15409999	1.3	0.544616674	2.891945259	2.24
2770000	15500000	15509999	0.43	0.363077782	2.919176093	0.05
2820000	15600000	15609999	1.63	0.120094959	2.937329982	4.88
2870000	15700000	15709999	1.74	0.455243681	2.94333473	5.05
2920000	15800000	15809999	0.22	0.485965647	2.966096914	2.81
2970000	15900000	15909999	3.04	0.061443932	2.990395196	3.14
3020000	16000000	16009999	4.56	0.84904343	2.993467393	3.43
3070000	16100000	16109999	5.31	1.273565145	3.035919564	2.60
3120000	16200000	16209999	3.36	1.483033096	3.099597822	4.78
3170000	16300000	16309999	3.8	0.938416422	3.173749476	3.01
3220000	16400000	16409999	6.72	1.061304287	3.220670297	2.78
3270000	16500000	16509999	3.58	1.876832845	3.273735512	2.50
3320000	16600000	16609999	2.71	0.999860355	3.367577154	4.62
3370000	16700000	16709999	7.16	0.756877531	3.417570172	2.43
3420000	16800000	16809999	2.6	1.999720709	3.455414048	1.55
3470000	16900000	16909999	5.42	0.726155565	3.555400084	3.44
3520000	17000000	17009999	7.48	1.513755062	3.591707862	3.48
3570000	17100000	17109999	2.6	2.089093702	3.667395615	3.73
3620000	17200000	17209999	2.49	0.726155565	3.7718503	3.13
3670000	17300000	17309999	6.07	0.695433599	3.808158078	1.40
3720000	17400000	17409999	5.1	1.695293953	3.842929758	2.96
3770000	17500000	17509999	2.6	1.42438207	3.927694456	3.81
3820000	17600000	17609999	2.49	0.726155565	3.99891356	1.70
3870000	17700000	17709999	1.74	0.695433599	4.035221338	0.30
3920000	17800000	17809999	2.71	0.485965647	4.069993018	3.22
3970000	17900000	17909999	2.17	0.756877531	4.0942913	2.76
4020000	18000000	18009999	2.49	0.606060606	4.132135177	3.48
4070000	18100000	18109999	0.98	0.695433599	4.162438207	1.31
4120000	18200000	18209999	8.35	0.27370479	4.197209887	3.47
4170000	18300000	18309999	3.15	2.332076526	4.210895126	1.02
4220000	18400000	18409999	1.63	0.879765396	4.327498953	5.37
4270000	18500000	18509999	2.28	0.455243681	4.371487222	2.65
4320000	18600000	18609999	3.15	0.636782572	4.394249407	2.61
4370000	18700000	18709999	2.49	0.879765396	4.426088535	1.81
4420000	18800000	18809999	3.15	0.695433599	4.470076805	3.56
4470000	18900000	18909999	2.39	0.879765396	4.504848485	4.59
4520000	19000000	19009999	1.41	0.667504538	4.548836755	5.03
4570000	19100000	19109999	0.87	0.393799749	4.582211982	5.01
4620000	19200000	19209999	7.48	0.242982824	4.601901969	2.23
4670000	19300000	19309999	6.4	2.089093702	4.61405111	3.50
4720000	19400000	19409999	3.8	1.787459852	4.718505795	1.91
4770000	19500000	19509999	5.86	1.061304287	4.807878788	5.17
4820000	19600000	19609999	1.84	1.636642927	4.860944002	2.85
4870000	19700000	19709999	2.17	0.513894707	4.942776149	4.28
4920000	19800000	19809999	1.52	0.606060606	4.968470884	4.33
4970000	19900000	19909999		0.424521715	4.998773914	0.30
5020000	N/A	N/A		1	5.02	3.00
5040000	N/A	N/A		0	5.04	0.00
